"rt","en_word","options","swa_word","correct_answer","phase","trial_type","trial_index","input_answer","input_word","accuracy","certainty","amt_choices"
"3418","bonfire","goti,mwezi,mfuko,kusanya","goti","f","2","html-keyboard-response","106","f","goti","true","",""
"2220.7999999523163","","","","","2","html-slider-response","107","","","","4",""
"7589","flower","tamasha,lobo,bega,usiku","bega","j","2","html-keyboard-response","108","n","usiku","false","",""
"2492.4000000953674","","","","","2","html-slider-response","109","","","","2",""
"3873","column","ufagio,pundok,dila,pala","ufagio","f","2","html-keyboard-response","110","f","ufagio","true","",""
"5698.399999856949","","","","","2","html-slider-response","111","","","","4",""
"4513","music","mraba,baiski,mageho,tumbo","baiski","v","2","html-keyboard-response","112","n","tumbo","false","",""
"4804.200000047684","","","","","2","html-slider-response","113","","","","3",""
"6857","spider","bunyag,kamwe,mkboa,atop","kamwe","v","2","html-keyboard-response","114","j","mkboa","false","",""
"5714.200000047684","","","","","2","html-slider-response","115","","","","3",""
"11646","fork","baboy,mgonjwa,paghago,gorisi","mgonjwa","v","2","html-keyboard-response","116","v","mgonjwa","true","",""
"2144.600000143051","","","","","2","html-slider-response","117","","","","2",""
"9303","mosquito","isda,taras,gutom,martilyo","martilyo","n","2","html-keyboard-response","118","n","martilyo","true","",""
"3575.399999856949","","","","","2","html-slider-response","119","","","","1",""
"14432","banana","kazi,kasamok,hagdan,twai","kazi","f","2","html-keyboard-response","120","v","kasamok","false","",""
"1932.9000000953674","","","","","2","html-slider-response","121","","","","2",""
"8232","cup","dagat,matumai,shimoni,jeraha","matumai","v","2","html-keyboard-response","122","n","jeraha","false","",""
"1625.2999999523163","","","","","2","html-slider-response","123","","","","2",""
"6846","shop","samaki,nopya,kerida,ndezu","samaki","f","2","html-keyboard-response","124","f","samaki","true","",""
"2344.4000000953674","","","","","2","html-slider-response","125","","","","4",""
"2627","elephant","petye,pagduol,kito,suka","kito","j","2","html-keyboard-response","126","j","kito","true","",""
"1686.7000000476837","","","","","2","html-slider-response","127","","","","5",""
"4827","bucket","baga,kiatu,ijayo,init","kiatu","v","2","html-keyboard-response","128","v","kiatu","true","",""
"1262.5999999046326","","","","","2","html-slider-response","129","","","","4",""
"2329","book","kuhesa,picha,mali,mara","mali","j","2","html-keyboard-response","130","j","mali","true","",""
"1744.1000001430511","","","","","2","html-slider-response","131","","","","5",""
"3856","mirror","rangi,sulagma,kanding,furaha","sulagma","v","2","html-keyboard-response","132","v","sulagma","true","",""
"1509.2000000476837","","","","","2","html-slider-response","133","","","","5",""
"2435","office","leso,hazini,yatima,kuna","leso","f","2","html-keyboard-response","134","f","leso","true","",""
"1628.7000000476837","","","","","2","html-slider-response","135","","","","5",""
"6742","body","nyundu,jibini,kununa,tindashan","tindashan","n","2","html-keyboard-response","136","n","tindashan","true","",""
"1261.7999999523163","","","","","2","html-slider-response","137","","","","4",""
"5578","perfume","bino,sungura,ndogo,katuyoan","katuyoan","n","2","html-keyboard-response","138","v","sungura","false","",""
"3640.5","","","","","2","html-slider-response","139","","","","3",""
"5326","olive","bata,siagi,welder,jiwe","jiwe","n","2","html-keyboard-response","140","n","jiwe","true","",""
"1385.1999998092651","","","","","2","html-slider-response","141","","","","5",""
"9252","magazine","gundi,mchawi,bahandi,kiti","kiti","n","2","html-keyboard-response","142","n","kiti","true","",""
"2058.7000000476837","","","","","2","html-slider-response","143","","","","4",""
"12189","bread","dari,kaili,dizeli,bugas","dari","f","2","html-keyboard-response","144","f","dari","true","",""
"2339.5","","","","","2","html-slider-response","145","","","","4",""
"5149","cave","ganti,maisha,nyundo,kesho","kesho","n","2","html-keyboard-response","146","f","ganti","false","",""
"1853.7999999523163","","","","","2","html-slider-response","147","","","","1",""
"6729","ladder","mashua,mwanga,pangalan,kamba","pangalan","j","2","html-keyboard-response","148","j","pangalan","true","",""
"1334.0999999046326","","","","","2","html-slider-response","149","","","","1",""
"4791","human","bado,tinapay,kikapu,punguza","tinapay","v","2","html-keyboard-response","150","v","tinapay","true","",""
"1345.6000001430511","","","","","2","html-slider-response","151","","","","4",""
"3120","clock","mbwa,kartasi,abang,osha","mbwa","f","2","html-keyboard-response","152","f","mbwa","true","",""
"1255","","","","","2","html-slider-response","153","","","","4",""
"7766","shelf","pamahaw,bungtod,kadaot,awit","pamahaw","f","2","html-keyboard-response","154","n","awit","false","",""
"1566.5999999046326","","","","","2","html-slider-response","155","","","","2",""
"6964","salmon","mzungu,seri,baharia,sensilyo","sensilyo","n","2","html-keyboard-response","156","n","sensilyo","true","",""
"1387.7999999523163","","","","","2","html-slider-response","157","","","","2",""
"4331","coffin","barua,tubag,kioo,hulma","kioo","j","2","html-keyboard-response","158","j","kioo","true","",""
"1721.7999999523163","","","","","2","html-slider-response","159","","","","1",""
"4727","notebook","msitu,kemia,kila,mdudu","kemia","v","2","html-keyboard-response","160","f","msitu","false","",""
"1484.5999999046326","","","","","2","html-slider-response","161","","","","2",""
"6633","shoulder","kelele,mkuu,ndaniya,guruwe","mkuu","v","2","html-keyboard-response","162","v","mkuu","true","",""
"1341.2999999523163","","","","","2","html-slider-response","163","","","","4",""
"4672","park","tambok,pwani,ihalas,bunifu","bunifu","n","2","html-keyboard-response","164","f","tambok","false","",""
"3346.7999999523163","","","","","2","html-slider-response","165","","","","3",""
"5448","number","mundamo,shule,kengele,choori","mundamo","f","2","html-keyboard-response","166","n","choori","false","",""
"2750.2999999523163","","","","","2","html-slider-response","167","","","","3",""
"6379","apple","ukame,estante,kisu,edad","kisu","j","2","html-keyboard-response","168","j","kisu","true","",""
"1658.4000000953674","","","","","2","html-slider-response","169","","","","2",""
"4872","letter","filimbi,chuma,kifua,uhuru","kifua","j","2","html-keyboard-response","170","j","kifua","true","",""
"1552.2999999523163","","","","","2","html-slider-response","171","","","","2",""
"13257","eel","ishara,kunywa,msumari,kabuang","msumari","j","2","html-keyboard-response","172","j","msumari","true","",""
"2313.7999999523163","","","","","2","html-slider-response","173","","","","3",""
"15414","cop","bustani,mechezo,jikoni,bakus","mechezo","v","2","html-keyboard-response","174","n","bakus","false","",""
"1231.6000001430511","","","","","2","html-slider-response","175","","","","1",""
"4256","wolf","kaburi,ndizi,mchuzi,lugha","lugha","n","2","html-keyboard-response","176","n","lugha","true","",""
"2883.2000000476837","","","","","2","html-slider-response","177","","","","3",""
"4623","squirrel","mahugaw,ukweli,hofu,kichwa","hofu","j","2","html-keyboard-response","178","f","mahugaw","false","",""
"1848.5","","","","","2","html-slider-response","179","","","","2",""
"6744","nose","gubat,sehemu,kopa,kidole","sehemu","v","2","html-keyboard-response","180","f","gubat","false","",""
"1790.4000000953674","","","","","2","html-slider-response","181","","","","1",""
"3183","sock","ndoora,mamba,kimysa,mtirka","mamba","v","2","html-keyboard-response","182","v","mamba","true","",""
"1541.8999998569489","","","","","2","html-slider-response","183","","","","5",""
"4263","bank","kudhibi,tualya,silingan,ofisi","silingan","j","2","html-keyboard-response","184","n","ofisi","false","",""
"1698.0999999046326","","","","","2","html-slider-response","185","","","","2",""
"4467","donkey","bloke,lalake,rombus,elfu","elfu","n","2","html-keyboard-response","186","n","elfu","true","",""
"1394.1999998092651","","","","","2","html-slider-response","187","","","","2",""
"5408","poster","nchi,fedha,kasuko,madungog","madungog","n","2","html-keyboard-response","188","n","madungog","true","",""
"1221.2999999523163","","","","","2","html-slider-response","189","","","","4",""
"4755","puppet","mazishi,napulo,lamok,godoro","mazishi","f","2","html-keyboard-response","190","j","lamok","false","",""
"1793.1999998092651","","","","","2","html-slider-response","191","","","","1",""
"5802","hill","kushoto,kukimba,sweta,matumbo","matumbo","n","2","html-keyboard-response","192","n","matumbo","true","",""
"2144.199999809265","","","","","2","html-slider-response","193","","","","2",""
"9123","tooth","kijiko,uadui,pahiyum,kabalaka","kabalaka","n","2","html-keyboard-response","194","j","pahiyum","false","",""
"1865.5","","","","","2","html-slider-response","195","","","","3",""
"7156","woman","bandari,bituin,pagtabon,kovuli","pagtabon","j","2","html-keyboard-response","196","j","pagtabon","true","",""
"1194.2999999523163","","","","","2","html-slider-response","197","","","","4",""
"6100","wheel","bafuni,punda,tawo,baadaye","bafuni","f","2","html-keyboard-response","198","v","punda","false","",""
"2759.399999856949","","","","","2","html-slider-response","199","","","","3",""
"2763","mother","kahawa,mbuzi,babaye,jokofu","babaye","j","2","html-keyboard-response","200","j","babaye","true","",""
"1191.2999999523163","","","","","2","html-slider-response","201","","","","5",""
"4514","bed","kalipay,mapintas,haraka,starehe","mapintas","v","2","html-keyboard-response","202","v","mapintas","true","",""
"1131.3999998569489","","","","","2","html-slider-response","203","","","","4",""
"4084","key","miaka,goma,ahos,chombo","chombo","n","2","html-keyboard-response","204","n","chombo","true","",""
"1878.1000001430511","","","","","2","html-slider-response","205","","","","4",""
"3583","page","wakala,ishiri,skina,wimbo","wimbo","n","2","html-keyboard-response","206","n","wimbo","true","",""
"1310.6000001430511","","","","","2","html-slider-response","207","","","","4",""
"5366","pants","pintal,haki,chuki,hari","haki","v","2","html-keyboard-response","208","v","haki","true","",""
"2401.7999999523163","","","","","2","html-slider-response","209","","","","5",""
"9408","sun","bendi,luha,basi,uongo","basi","j","2","html-keyboard-response","210","j","basi","true","",""
"1401.5999999046326","","","","","2","html-slider-response","211","","","","4",""
"5139","finger","simu,moyo,sufuria,lima","moyo","v","2","html-keyboard-response","212","v","moyo","true","",""
"2868.7999999523163","","","","","2","html-slider-response","213","","","","5",""
"8805","shoe","uyoga,nyeusi,hatua,kama","uyoga","f","2","html-keyboard-response","214","f","uyoga","true","",""
"1730.8999998569489","","","","","2","html-slider-response","215","","","","5",""
"5386","giraffe","daraja,mahitabo,jumatu,hangyo","mahitabo","v","2","html-keyboard-response","216","n","hangyo","false","",""
"1596.7000000476837","","","","","2","html-slider-response","217","","","","2",""
"7748","dog","lubi,bahari,washia,kalamu","bahari","v","2","html-keyboard-response","218","f","lubi","false","",""
"1949.4000000953674","","","","","2","html-slider-response","219","","","","2",""
"4788","box","adui,kuacha,rafiki,kitande","adui","f","2","html-keyboard-response","220","n","kitande","false","",""
"1219","","","","","2","html-slider-response","221","","","","1",""
"3582","scissors","duga,mtawa,suga,tanuri","tanuri","n","2","html-keyboard-response","222","v","mtawa","false","",""
"2945","","","","","2","html-slider-response","223","","","","3",""
"4588","cat","paghukom,neyemba,baki,akili","paghukom","f","2","html-keyboard-response","224","j","baki","false","",""
"1873.9000000953674","","","","","2","html-slider-response","225","","","","1",""
"9674","basket","kumbuka,utepe,kumba,hasira","kumba","j","2","html-keyboard-response","226","j","kumba","true","",""
"2097.2999999523163","","","","","2","html-slider-response","227","","","","2",""
"6415","snake","pagtukod,jansa,karon,mvringo","pagtukod","f","2","html-keyboard-response","228","f","pagtukod","true","",""
"2816.2000000476837","","","","","2","html-slider-response","229","","","","3",""
"5497","gift","baba,nyange,pagtawag,baso","pagtawag","j","2","html-keyboard-response","230","j","pagtawag","true","",""
"2042.9000000953674","","","","","2","html-slider-response","231","","","","4",""
"4758","train","itik,dakika,mungu,sayari","sayari","n","2","html-keyboard-response","232","n","sayari","true","",""
"1222","","","","","2","html-slider-response","233","","","","2",""
"4932","pudding","abug,mpishi,aibu,iring","aibu","j","2","html-keyboard-response","234","j","aibu","true","",""
"2042.9000000953674","","","","","2","html-slider-response","235","","","","3",""
"5101","tomato","chupi,chupa,takatak,mvua","mvua","n","2","html-keyboard-response","236","n","mvua","true","",""
"1130.8999998569489","","","","","2","html-slider-response","237","","","","4",""
"5130","stone","ulimwengu,mkasi,asili,wingi","wingi","n","2","html-keyboard-response","238","n","wingi","true","",""
"2286.100000143051","","","","","2","html-slider-response","239","","","","2",""
"5080","hammer","mekno,napakyas,kitovu,layag","napakyas","v","2","html-keyboard-response","240","v","napakyas","true","",""
"1403.7999999523163","","","","","2","html-slider-response","241","","","","4",""
"4072","knee","mvuke,kubale,duka,bili","duka","j","2","html-keyboard-response","242","n","bili","false","",""
"1688.2999999523163","","","","","2","html-slider-response","243","","","","4",""
"5258","ceiling","maua,kugita,kawaida,rayna","maua","f","2","html-keyboard-response","244","v","kugita","false","",""
"3310.2999999523163","","","","","2","html-slider-response","245","","","","1",""
"8493","spoon","pagsulod,betri,nzuri,ngazi","pagsulod","f","2","html-keyboard-response","246","f","pagsulod","true","",""
"2304.300000190735","","","","","2","html-slider-response","247","","","","3",""
"5263","marker","maji,mapafu,salita,atay","maji","f","2","html-keyboard-response","248","v","mapafu","false","",""
"3066.5999999046326","","","","","2","html-slider-response","249","","","","3",""
"4508","candle","gabi,farasi,kupanda,geza","geza","n","2","html-keyboard-response","250","j","kupanda","false","",""
"4182.400000095367","","","","","2","html-slider-response","251","","","","3",""
"6629","tissue","lamigas,ugomvi,kisiwa,katika","ugomvi","v","2","html-keyboard-response","252","v","ugomvi","true","",""
"1759.9000000953674","","","","","2","html-slider-response","253","","","","4",""
"3714","bridge","sahani,daima,ngono,panya","sahani","f","2","html-keyboard-response","254","n","panya","false","",""
"1540.3000001907349","","","","","2","html-slider-response","255","","","","4",""
"8356","berry","kofia,abogado,nogozi,kinywa","kofia","f","2","html-keyboard-response","256","n","kinywa","false","",""
"2397.4000000953674","","","","","2","html-slider-response","257","","","","3",""
"6457","triangle","kasadpan,kihozi,bentaha,liog","kasadpan","f","2","html-keyboard-response","258","f","kasadpan","true","",""
"1546.6999998092651","","","","","2","html-slider-response","259","","","","1",""
"5619","door","tena,soko,surali,nyota","surali","j","2","html-keyboard-response","260","n","nyota","false","",""
"1288.7999999523163","","","","","2","html-slider-response","261","","","","2",""
"6066","fish","bala,baho,buli,imani","buli","j","2","html-keyboard-response","262","j","buli","true","",""
"1306.6000001430511","","","","","2","html-slider-response","263","","","","1",""
"6559","curtain","lisud,mchanga,bulwawan,chubani","mchanga","v","2","html-keyboard-response","264","v","mchanga","true","",""
"1836.4000000953674","","","","","2","html-slider-response","265","","","","1",""
"7756","flag","ndege,mkate,trekta,kawa","trekta","j","2","html-keyboard-response","266","v","mkate","false","",""
"2049.7000000476837","","","","","2","html-slider-response","267","","","","2",""
"4337","boat","agalon,hamsi,pombe,kitanda","agalon","f","2","html-keyboard-response","268","v","hamsi","false","",""
"2355.2999999523163","","","","","2","html-slider-response","269","","","","3",""
"4509","rose","paghalad,singizi,mwanake,amani","paghalad","f","2","html-keyboard-response","270","f","paghalad","true","",""
"2250.2000000476837","","","","","2","html-slider-response","271","","","","2",""
"4591","lamp","afya,daub,bilaska,mbolea","afya","f","2","html-keyboard-response","272","v","daub","false","",""
"3222.300000190735","","","","","2","html-slider-response","273","","","","3",""
"6241","cigar","ndugu,adhabu,kuta,mlango","adhabu","v","2","html-keyboard-response","274","v","adhabu","true","",""
"1557.6000001430511","","","","","2","html-slider-response","275","","","","2",""
"6039","list","wingu,alizeti,kuzama,kaso","wingu","f","2","html-keyboard-response","276","n","kaso","false","",""
"3007.7000000476837","","","","","2","html-slider-response","277","","","","2",""
"6086","sheet","bililhon,juuya,watu,kamantis","bililhon","f","2","html-keyboard-response","278","f","bililhon","true","",""
"1539.6000001430511","","","","","2","html-slider-response","279","","","","4",""
"4825","picture","silya,kubwa,chaki,asin","kubwa","v","2","html-keyboard-response","280","f","silya","false","",""
"1439.4000000953674","","","","","2","html-slider-response","281","","","","4",""
"4869","towel","tembo,funzi,pito,pagpalit","pagpalit","n","2","html-keyboard-response","282","n","pagpalit","true","",""
"2357.7000000476837","","","","","2","html-slider-response","283","","","","3",""
"4736","window","nanga,kujenga,umaga,kweli","kweli","n","2","html-keyboard-response","284","v","kujenga","false","",""
"1007.5","","","","","2","html-slider-response","285","","","","4",""
"5693","box","kuacha,adui,rafiki,kitande","adui","v","3","html-keyboard-response","293","v","adui","true","","4"
"4257.200000047684","","","","","3","html-slider-response","294","","","","3",""
"2455","","","","","3","html-keyboard-response","295","","","","",""
"3447","pants","pintal,haki,chuki,hari","haki","v","3","html-keyboard-response","296","v","haki","true","","4"
"1457.3999998569489","","","","","3","html-slider-response","297","","","","5",""
"1402","","","","","3","html-keyboard-response","298","","","","",""
"7660","cup","dagat,matumai,shimoni,jeraha","matumai","v","3","html-keyboard-response","299","n","jeraha","false","","4"
"1688.4000000953674","","","","","3","html-slider-response","300","","","","2",""
"2197","","","","","3","html-keyboard-response","301","","","","",""
"5367","triangle","kihozi,bentaha,kasadpan,liog","kasadpan","j","3","html-keyboard-response","302","j","kasadpan","true","","4"
"1324.4000000953674","","","","","3","html-slider-response","303","","","","2",""
"1215","","","","","3","html-keyboard-response","304","","","","",""
"7720","curtain","lisud,mchanga,bulwawan,chubani","mchanga","v","3","html-keyboard-response","305","j","bulwawan","false","","4"
"1457","","","","","3","html-slider-response","306","","","","2",""
"1650","","","","","3","html-keyboard-response","307","","","","",""
"3924","clock","kartasi,abang,mbwa,osha","mbwa","j","3","html-keyboard-response","308","j","mbwa","true","","4"
"1935","","","","","3","html-slider-response","309","","","","3",""
"869","","","","","3","html-keyboard-response","310","","","","",""
"3820","mirror","rangi,kanding,sulagma,furaha","sulagma","j","3","html-keyboard-response","311","j","sulagma","true","","4"
"1663.4000000953674","","","","","3","html-slider-response","312","","","","5",""
"742","","","","","3","html-keyboard-response","313","","","","",""
"4173","coffin","barua,kioo,tubag,hulma","kioo","v","3","html-keyboard-response","314","v","kioo","true","","1"
"7083.300000190735","","","","","3","html-slider-response","315","","","","3",""
"816","","","","","3","html-keyboard-response","316","","","","",""
"3088","magazine","gundi,kiti,mchawi,bahandi","kiti","v","3","html-keyboard-response","317","v","kiti","true","","4"
"1599.5","","","","","3","html-slider-response","318","","","","5",""
"714","","","","","3","html-keyboard-response","319","","","","",""
"2196","column","pundok,ufagio,dila,pala","ufagio","v","3","html-keyboard-response","320","v","ufagio","true","","1"
"1948.7999999523163","","","","","3","html-slider-response","321","","","","5",""
"704","","","","","3","html-keyboard-response","322","","","","",""
"3377","number","shule,kengele,choori,mundamo","mundamo","n","3","html-keyboard-response","323","j","choori","false","","4"
"1779.1000001430511","","","","","3","html-slider-response","324","","","","3",""
"1764","","","","","3","html-keyboard-response","325","","","","",""
"5171","rose","singizi,mwanake,amani,paghalad","paghalad","n","3","html-keyboard-response","326","n","paghalad","true","","4"
"2191.7999999523163","","","","","3","html-slider-response","327","","","","3",""
"777","","","","","3","html-keyboard-response","328","","","","",""
"6845","eel","ishara,kunywa,kabuang,msumari","msumari","n","3","html-keyboard-response","329","v","kunywa","false","","4"
"1255.2999999523163","","","","","3","html-slider-response","330","","","","2",""
"2572","","","","","3","html-keyboard-response","331","","","","",""
"6039","gift","baba,nyange,baso,pagtawag","pagtawag","n","3","html-keyboard-response","332","n","pagtawag","true","","4"
"2218.2000000476837","","","","","3","html-slider-response","333","","","","3",""
"1201","","","","","3","html-keyboard-response","334","","","","",""
"3133","apple","ukame,estante,kisu,edad","kisu","j","3","html-keyboard-response","335","j","kisu","true","","1"
"1958.2999999523163","","","","","3","html-slider-response","336","","","","5",""
"800","","","","","3","html-keyboard-response","337","","","","",""
"2639","wheel","punda,tawo,bafuni,baadaye","bafuni","j","3","html-keyboard-response","338","j","bafuni","true","","1"
"1386.5","","","","","3","html-slider-response","339","","","","5",""
"681","","","","","3","html-keyboard-response","340","","","","",""
"9183","knee","mvuke,duka,kubale,bili","duka","v","3","html-keyboard-response","341","j","kubale","false","","4"
"1279.8000001907349","","","","","3","html-slider-response","342","","","","2",""
"960","","","","","3","html-keyboard-response","343","","","","",""
"2379","basket","kumbuka,utepe,kumba,hasira","kumba","j","3","html-keyboard-response","344","j","kumba","true","","1"
"2259.5999999046326","","","","","3","html-slider-response","345","","","","5",""
"840","","","","","3","html-keyboard-response","346","","","","",""
"5092","park","bunifu,tambok,pwani,ihalas","bunifu","f","3","html-keyboard-response","347","v","tambok","false","","4"
"1477","","","","","3","html-slider-response","348","","","","2",""
"1034","","","","","3","html-keyboard-response","349","","","","",""
"2697","finger","moyo,simu,sufuria,lima","moyo","f","3","html-keyboard-response","350","f","moyo","true","","4"
"1168.2999999523163","","","","","3","html-slider-response","351","","","","5",""
"638","","","","","3","html-keyboard-response","352","","","","",""
"4505","boat","hamsi,pombe,kitanda,agalon","agalon","n","3","html-keyboard-response","353","f","hamsi","false","","4"
"1912.2999999523163","","","","","3","html-slider-response","354","","","","2",""
"957","","","","","3","html-keyboard-response","355","","","","",""
"4429","hill","kushoto,kukimba,sweta,matumbo","matumbo","n","3","html-keyboard-response","356","n","matumbo","true","","4"
"1837.0999999046326","","","","","3","html-slider-response","357","","","","2",""
"1065","","","","","3","html-keyboard-response","358","","","","",""
"3849","train","itik,dakika,mungu,sayari","sayari","n","3","html-keyboard-response","359","n","sayari","true","","4"
"1176.2999999523163","","","","","3","html-slider-response","360","","","","4",""
"593","","","","","3","html-keyboard-response","361","","","","",""
"4683","wolf","lugha,kaburi,ndizi,mchuzi","lugha","f","3","html-keyboard-response","362","f","lugha","true","","4"
"1228","","","","","3","html-slider-response","363","","","","4",""
"681","","","","","3","html-keyboard-response","364","","","","",""
"5011","snake","jansa,karon,pagtukod,mvringo","pagtukod","j","3","html-keyboard-response","365","j","pagtukod","true","","4"
"1413.5","","","","","3","html-slider-response","366","","","","4",""
"676","","","","","3","html-keyboard-response","367","","","","",""
"7843","tooth","kijiko,uadui,kabalaka,pahiyum","kabalaka","j","3","html-keyboard-response","368","v","uadui","false","","4"
"1443.7999999523163","","","","","3","html-slider-response","369","","","","2",""
"1265","","","","","3","html-keyboard-response","370","","","","",""
"7008","notebook","msitu,kemia,kila,mdudu","kemia","v","3","html-keyboard-response","371","f","msitu","false","","4"
"3118.4000000953674","","","","","3","html-slider-response","372","","","","2",""
"1823","","","","","3","html-keyboard-response","373","","","","",""
"6289","flag","ndege,mkate,kawa,trekta","trekta","n","3","html-keyboard-response","374","v","mkate","false","","4"
"1664.8999998569489","","","","","3","html-slider-response","375","","","","2",""
"908","","","","","3","html-keyboard-response","376","","","","",""
"8213","squirrel","mahugaw,ukweli,hofu,kichwa","hofu","j","3","html-keyboard-response","377","f","mahugaw","false","","4"
"1100.3999998569489","","","","","3","html-slider-response","378","","","","2",""
"952","","","","","3","html-keyboard-response","379","","","","",""
"7663","door","tena,surali,soko,nyota","surali","v","3","html-keyboard-response","380","v","surali","true","","4"
"1513.8999998569489","","","","","3","html-slider-response","381","","","","2",""
"1022","","","","","3","html-keyboard-response","382","","","","",""
"4600","salmon","sensilyo,mzungu,seri,baharia","sensilyo","f","3","html-keyboard-response","383","n","baharia","false","","4"
"2505.899999856949","","","","","3","html-slider-response","384","","","","3",""
"1355","","","","","3","html-keyboard-response","385","","","","",""
"3145","shoulder","kelele,ndaniya,mkuu,guruwe","mkuu","j","3","html-keyboard-response","386","j","mkuu","true","","4"
"1367.1000001430511","","","","","3","html-slider-response","387","","","","5",""
"600","","","","","3","html-keyboard-response","388","","","","",""
"4618","lamp","daub,bilaska,afya,mbolea","afya","j","3","html-keyboard-response","389","f","daub","false","","4"
"1907","","","","","3","html-slider-response","390","","","","2",""
"1065","","","","","3","html-keyboard-response","391","","","","",""
"4478","shelf","bungtod,pamahaw,kadaot,awit","pamahaw","v","3","html-keyboard-response","392","v","pamahaw","true","","1"
"1605","","","","","3","html-slider-response","393","","","","5",""
"721","","","","","3","html-keyboard-response","394","","","","",""
"4279","human","bado,kikapu,tinapay,punguza","tinapay","j","3","html-keyboard-response","395","j","tinapay","true","","4"
"1327.5","","","","","3","html-slider-response","396","","","","5",""
"623","","","","","3","html-keyboard-response","397","","","","",""
"6811","towel","pagpalit,tembo,funzi,pito","pagpalit","f","3","html-keyboard-response","398","f","pagpalit","true","","4"
"1030.7999999523163","","","","","3","html-slider-response","399","","","","2",""
"923","","","","","3","html-keyboard-response","400","","","","",""
"7410","cat","paghukom,neyemba,baki,akili","paghukom","f","3","html-keyboard-response","401","j","baki","false","","4"
"1908.6999998092651","","","","","3","html-slider-response","402","","","","1",""
"1724","","","","","3","html-keyboard-response","403","","","","",""
"3874","spider","bunyag,mkboa,atop,kamwe","kamwe","n","3","html-keyboard-response","404","v","mkboa","false","","4"
"1456.4000000953674","","","","","3","html-slider-response","405","","","","4",""
"905","","","","","3","html-keyboard-response","406","","","","",""
"5343","window","nanga,kujenga,kweli,umaga","kweli","j","3","html-keyboard-response","407","v","kujenga","false","","4"
"2066.399999856949","","","","","3","html-slider-response","408","","","","2",""
"1212","","","","","3","html-keyboard-response","409","","","","",""
"2363","woman","bandari,bituin,pagtabon,kovuli","pagtabon","j","3","html-keyboard-response","410","j","pagtabon","true","","1"
"1913.7999999523163","","","","","3","html-slider-response","411","","","","5",""
"579","","","","","3","html-keyboard-response","412","","","","",""
"4526","giraffe","daraja,mahitabo,jumatu,hangyo","mahitabo","v","3","html-keyboard-response","413","v","mahitabo","true","","4"
"1687.5999999046326","","","","","3","html-slider-response","414","","","","2",""
"958","","","","","3","html-keyboard-response","415","","","","",""
"2152","elephant","petye,kito,pagduol,suka","kito","v","3","html-keyboard-response","416","v","kito","true","","4"
"1781.0999999046326","","","","","3","html-slider-response","417","","","","5",""
"476","","","","","3","html-keyboard-response","418","","","","",""
"7247","cave","ganti,kesho,maisha,nyundo","kesho","v","3","html-keyboard-response","419","f","ganti","false","","4"
"1763","","","","","3","html-slider-response","420","","","","1",""
"981","","","","","3","html-keyboard-response","421","","","","",""
"5318","bread","kaili,dari,dizeli,bugas","dari","v","3","html-keyboard-response","422","v","dari","true","","4"
"1094.3999998569489","","","","","3","html-slider-response","423","","","","5",""
"519","","","","","3","html-keyboard-response","424","","","","",""
"6214","stone","ulimwengu,mkasi,asili,wingi","wingi","n","3","html-keyboard-response","425","v","mkasi","false","","4"
"1725.2000000476837","","","","","3","html-slider-response","426","","","","1",""
"1075","","","","","3","html-keyboard-response","427","","","","",""
"6167","donkey","bloke,lalake,elfu,rombus","elfu","j","3","html-keyboard-response","428","j","elfu","true","","4"
"2098","","","","","3","html-slider-response","429","","","","2",""
"661","","","","","3","html-keyboard-response","430","","","","",""
"4304","bridge","daima,sahani,ngono,panya","sahani","v","3","html-keyboard-response","431","n","panya","false","","4"
"1903.3999998569489","","","","","3","html-slider-response","432","","","","3",""
"830","","","","","3","html-keyboard-response","433","","","","",""
"2445","bonfire","mwezi,goti,mfuko,kusanya","goti","v","3","html-keyboard-response","434","v","goti","true","","4"
"2610.4000000953674","","","","","3","html-slider-response","435","","","","5",""
"589","","","","","3","html-keyboard-response","436","","","","",""
"3258","book","kuhesa,picha,mara,mali","mali","n","3","html-keyboard-response","437","n","mali","true","","4"
"1323.6000001430511","","","","","3","html-slider-response","438","","","","5",""
"1003","","","","","3","html-keyboard-response","439","","","","",""
"3549","fish","bala,baho,imani,buli","buli","n","3","html-keyboard-response","440","n","buli","true","","4"
"1505.6000001430511","","","","","3","html-slider-response","441","","","","2",""
"568","","","","","3","html-keyboard-response","442","","","","",""
"4040","spoon","betri,pagsulod,nzuri,ngazi","pagsulod","v","3","html-keyboard-response","443","v","pagsulod","true","","4"
"1299.5999999046326","","","","","3","html-slider-response","444","","","","4",""
"590","","","","","3","html-keyboard-response","445","","","","",""
"6156","scissors","duga,mtawa,suga,tanuri","tanuri","n","3","html-keyboard-response","446","v","mtawa","false","","4"
"1208.5","","","","","3","html-slider-response","447","","","","2",""
"862","","","","","3","html-keyboard-response","448","","","","",""
"4723","page","wimbo,wakala,ishiri,skina","wimbo","f","3","html-keyboard-response","449","f","wimbo","true","","4"
"1504.7999999523163","","","","","3","html-slider-response","450","","","","4",""
"571","","","","","3","html-keyboard-response","451","","","","",""
"2846","nose","gubat,sehemu,kopa,kidole","sehemu","v","3","html-keyboard-response","452","v","sehemu","true","","1"
"2310.5","","","","","3","html-slider-response","453","","","","5",""
"870","","","","","3","html-keyboard-response","454","","","","",""
"3942","ceiling","maua,kugita,kawaida,rayna","maua","f","3","html-keyboard-response","455","v","kugita","false","","4"
"1623.3999998569489","","","","","3","html-slider-response","456","","","","2",""
"845","","","","","3","html-keyboard-response","457","","","","",""
"7023","bucket","baga,kiatu,ijayo,init","kiatu","v","3","html-keyboard-response","458","v","kiatu","true","","4"
"1367.5","","","","","3","html-slider-response","459","","","","1",""
"1103","","","","","3","html-keyboard-response","460","","","","",""
"1643","berry","kofia,abogado,nogozi,kinywa","kofia","f","3","html-keyboard-response","461","f","kofia","true","","1"
"1856","","","","","3","html-slider-response","462","","","","5",""
"968","","","","","3","html-keyboard-response","463","","","","",""
"2917","mother","kahawa,babaye,mbuzi,jokofu","babaye","v","3","html-keyboard-response","464","v","babaye","true","","1"
"1632.4000000953674","","","","","3","html-slider-response","465","","","","5",""
"802","","","","","3","html-keyboard-response","466","","","","",""
"7148","mosquito","isda,taras,gutom,martilyo","martilyo","n","3","html-keyboard-response","467","n","martilyo","true","","4"
"1967.7000000476837","","","","","3","html-slider-response","468","","","","1",""
"1039","","","","","3","html-keyboard-response","469","","","","",""
"9229","perfume","katuyoan,bino,sungura,ndogo","katuyoan","f","3","html-keyboard-response","470","j","sungura","false","","4"
"1514.1999998092651","","","","","3","html-slider-response","471","","","","1",""
"2335","","","","","3","html-keyboard-response","472","","","","",""
"3316","sheet","juuya,bililhon,watu,kamantis","bililhon","v","3","html-keyboard-response","473","v","bililhon","true","","4"
"1339","","","","","3","html-slider-response","474","","","","5",""
"458","","","","","3","html-keyboard-response","475","","","","",""
"1522","puppet","mazishi,napulo,lamok,godoro","mazishi","f","3","html-keyboard-response","476","f","mazishi","true","","1"
"1592.5","","","","","3","html-slider-response","477","","","","5",""
"1023","","","","","3","html-keyboard-response","478","","","","",""
"5581","poster","nchi,fedha,madungog,kasuko","madungog","j","3","html-keyboard-response","479","j","madungog","true","","4"
"2273.399999856949","","","","","3","html-slider-response","480","","","","4",""
"654","","","","","3","html-keyboard-response","481","","","","",""
"6813","music","baiski,mraba,mageho,tumbo","baiski","f","3","html-keyboard-response","482","n","tumbo","false","","4"
"1714.0999999046326","","","","","3","html-slider-response","483","","","","2",""
"782","","","","","3","html-keyboard-response","484","","","","",""
"2962","key","chombo,miaka,goma,ahos","chombo","f","3","html-keyboard-response","485","f","chombo","true","","4"
"1438.6000001430511","","","","","3","html-slider-response","486","","","","4",""
"497","","","","","3","html-keyboard-response","487","","","","",""
"2353","sock","ndoora,kimysa,mamba,mtirka","mamba","j","3","html-keyboard-response","488","j","mamba","true","","4"
"1889.7000000476837","","","","","3","html-slider-response","489","","","","5",""
"643","","","","","3","html-keyboard-response","490","","","","",""
"8923","marker","mapafu,salita,atay,maji","maji","n","3","html-keyboard-response","491","f","mapafu","false","","4"
"1356.9000000953674","","","","","3","html-slider-response","492","","","","2",""
"660","","","","","3","html-keyboard-response","493","","","","",""
"2345","office","hazini,yatima,leso,kuna","leso","j","3","html-keyboard-response","494","j","leso","true","","4"
"1773.4000000953674","","","","","3","html-slider-response","495","","","","5",""
"552","","","","","3","html-keyboard-response","496","","","","",""
"3923","shoe","uyoga,nyeusi,hatua,kama","uyoga","f","3","html-keyboard-response","497","f","uyoga","true","","4"
"1113.5999999046326","","","","","3","html-slider-response","498","","","","5",""
"564","","","","","3","html-keyboard-response","499","","","","",""
"4444","cop","mechezo,bustani,jikoni,bakus","mechezo","f","3","html-keyboard-response","500","f","mechezo","true","","4"
"1633.7999999523163","","","","","3","html-slider-response","501","","","","2",""
"735","","","","","3","html-keyboard-response","502","","","","",""
"5467","bank","kudhibi,silingan,tualya,ofisi","silingan","v","3","html-keyboard-response","503","j","tualya","false","","4"
"1296.5","","","","","3","html-slider-response","504","","","","2",""
"1498","","","","","3","html-keyboard-response","505","","","","",""
"2401","letter","filimbi,kifua,chuma,uhuru","kifua","v","3","html-keyboard-response","506","v","kifua","true","","1"
"2270","","","","","3","html-slider-response","507","","","","5",""
"796","","","","","3","html-keyboard-response","508","","","","",""
"3087","dog","lubi,washia,kalamu,bahari","bahari","n","3","html-keyboard-response","509","n","bahari","true","","1"
"1575","","","","","3","html-slider-response","510","","","","5",""
"770","","","","","3","html-keyboard-response","511","","","","",""
"5643","shop","nopya,kerida,ndezu,samaki","samaki","n","3","html-keyboard-response","512","n","samaki","true","","4"
"1304.7999999523163","","","","","3","html-slider-response","513","","","","5",""
"509","","","","","3","html-keyboard-response","514","","","","",""
"6139","flower","tamasha,bega,lobo,usiku","bega","v","3","html-keyboard-response","515","j","lobo","false","","4"
"1175.2000000476837","","","","","3","html-slider-response","516","","","","1",""
"735","","","","","3","html-keyboard-response","517","","","","",""
"2397","cigar","ndugu,kuta,adhabu,mlango","adhabu","j","3","html-keyboard-response","518","j","adhabu","true","","1"
"1496.2000000476837","","","","","3","html-slider-response","519","","","","5",""
"813","","","","","3","html-keyboard-response","520","","","","",""
"7362","hammer","mekno,napakyas,kitovu,layag","napakyas","v","3","html-keyboard-response","521","v","napakyas","true","","4"
"1095.7000000476837","","","","","3","html-slider-response","522","","","","5",""
"757","","","","","3","html-keyboard-response","523","","","","",""
"8333","fork","mgonjwa,baboy,paghago,gorisi","mgonjwa","f","3","html-keyboard-response","524","f","mgonjwa","true","","4"
"1178.8000001907349","","","","","3","html-slider-response","525","","","","2",""
"722","","","","","3","html-keyboard-response","526","","","","",""
"2403","sun","bendi,luha,basi,uongo","basi","j","3","html-keyboard-response","527","j","basi","true","","1"
"1849.6000001430511","","","","","3","html-slider-response","528","","","","5",""
"874","","","","","3","html-keyboard-response","529","","","","",""
"4743","ladder","mashua,mwanga,pangalan,kamba","pangalan","j","3","html-keyboard-response","530","j","pangalan","true","","4"
"1594.2000000476837","","","","","3","html-slider-response","531","","","","3",""
"802","","","","","3","html-keyboard-response","532","","","","",""
"2287","banana","kasamok,hagdan,twai,kazi","kazi","n","3","html-keyboard-response","533","n","kazi","true","","1"
"1601.7000000476837","","","","","3","html-slider-response","534","","","","5",""
"754","","","","","3","html-keyboard-response","535","","","","",""
"3856","pudding","abug,mpishi,iring,aibu","aibu","n","3","html-keyboard-response","536","n","aibu","true","","4"
"1118","","","","","3","html-slider-response","537","","","","4",""
"545","","","","","3","html-keyboard-response","538","","","","",""
"4971","body","tindashan,nyundu,jibini,kununa","tindashan","f","3","html-keyboard-response","539","f","tindashan","true","","4"
"1734","","","","","3","html-slider-response","540","","","","4",""
"628","","","","","3","html-keyboard-response","541","","","","",""
"3928","bed","mapintas,kalipay,haraka,starehe","mapintas","f","3","html-keyboard-response","542","f","mapintas","true","","4"
"1152","","","","","3","html-slider-response","543","","","","2",""
"606","","","","","3","html-keyboard-response","544","","","","",""
"5881","tissue","lamigas,kisiwa,katika,ugomvi","ugomvi","n","3","html-keyboard-response","545","v","kisiwa","false","","4"
"1172.7999999523163","","","","","3","html-slider-response","546","","","","2",""
"2317","","","","","3","html-keyboard-response","547","","","","",""
"4183","candle","gabi,farasi,kupanda,geza","geza","n","3","html-keyboard-response","548","j","kupanda","false","","4"
"1735.8000001907349","","","","","3","html-slider-response","549","","","","4",""
"2226","","","","","3","html-keyboard-response","550","","","","",""
"2916","tomato","chupi,chupa,takatak,mvua","mvua","n","3","html-keyboard-response","551","n","mvua","true","","1"
"1858.8999998569489","","","","","3","html-slider-response","552","","","","5",""
"653","","","","","3","html-keyboard-response","553","","","","",""
"7624","list","wingu,alizeti,kuzama,kaso","wingu","f","3","html-keyboard-response","554","f","wingu","true","","4"
"1528.2000000476837","","","","","3","html-slider-response","555","","","","4",""
"561","","","","","3","html-keyboard-response","556","","","","",""
"2715","olive","jiwe,bata,siagi,welder","jiwe","f","3","html-keyboard-response","557","f","jiwe","true","","4"
"2241.0999999046326","","","","","3","html-slider-response","558","","","","5",""
"821","","","","","3","html-keyboard-response","559","","","","",""
"2344","picture","silya,kubwa,chaki,asin","kubwa","v","3","html-keyboard-response","560","v","kubwa","true","","1"
"2222","","","","","3","html-slider-response","561","","","","5",""
"681","","","","","3","html-keyboard-response","562","","","","",""
"3622","page","wakala,wimbo,ishiri,skina","wimbo","v","4","html-keyboard-response","888","v","wimbo","true","",""
"1965.0999999046326","","","","","4","html-slider-response","889","","","","5",""
"2697","sheet","juuya,bililhon,watu,kamantis","bililhon","v","4","html-keyboard-response","890","v","bililhon","true","",""
"1089.6000001430511","","","","","4","html-slider-response","891","","","","5",""
"4385","ladder","mashua,pangalan,mwanga,kamba","pangalan","v","4","html-keyboard-response","892","v","pangalan","true","",""
"1702.5999999046326","","","","","4","html-slider-response","893","","","","4",""
"3857","door","tena,soko,nyota,surali","surali","n","4","html-keyboard-response","894","n","surali","true","",""
"1674.5","","","","","4","html-slider-response","895","","","","3",""
"6251","spider","bunyag,kamwe,mkboa,atop","kamwe","v","4","html-keyboard-response","896","j","mkboa","false","",""
"1952.5999999046326","","","","","4","html-slider-response","897","","","","4",""
"3333","picture","silya,chaki,asin,kubwa","kubwa","n","4","html-keyboard-response","898","n","kubwa","true","",""
"1323.4000000953674","","","","","4","html-slider-response","899","","","","2",""
"6093","boat","hamsi,pombe,kitanda,agalon","agalon","n","4","html-keyboard-response","900","n","agalon","true","",""
"2403.7999999523163","","","","","4","html-slider-response","901","","","","3",""
"3628","donkey","bloke,elfu,lalake,rombus","elfu","v","4","html-keyboard-response","902","v","elfu","true","",""
"2619.2000000476837","","","","","4","html-slider-response","903","","","","1",""
"1462","book","mali,kuhesa,picha,mara","mali","f","4","html-keyboard-response","904","f","mali","true","",""
"1478.5","","","","","4","html-slider-response","905","","","","5",""
"4481","cup","dagat,shimoni,jeraha,matumai","matumai","n","4","html-keyboard-response","906","n","matumai","true","",""
"1394.5999999046326","","","","","4","html-slider-response","907","","","","3",""
"1308","sun","basi,bendi,luha,uongo","basi","f","4","html-keyboard-response","908","f","basi","true","",""
"1542.5","","","","","4","html-slider-response","909","","","","5",""
"3354","pudding","abug,aibu,mpishi,iring","aibu","v","4","html-keyboard-response","910","v","aibu","true","",""
"1434.4000000953674","","","","","4","html-slider-response","911","","","","4",""
"3110","human","bado,kikapu,tinapay,punguza","tinapay","j","4","html-keyboard-response","912","j","tinapay","true","",""
"1371.9000000953674","","","","","4","html-slider-response","913","","","","5",""
"7033","squirrel","mahugaw,hofu,ukweli,kichwa","hofu","v","4","html-keyboard-response","914","f","mahugaw","false","",""
"1853.5","","","","","4","html-slider-response","915","","","","3",""
"3537","park","tambok,bunifu,pwani,ihalas","bunifu","v","4","html-keyboard-response","916","v","bunifu","true","",""
"2382","","","","","4","html-slider-response","917","","","","2",""
"4202","poster","nchi,fedha,kasuko,madungog","madungog","n","4","html-keyboard-response","918","n","madungog","true","",""
"1270.1999998092651","","","","","4","html-slider-response","919","","","","4",""
"7132","wolf","kaburi,ndizi,mchuzi,lugha","lugha","n","4","html-keyboard-response","920","n","lugha","true","",""
"1781.7000000476837","","","","","4","html-slider-response","921","","","","3",""
"5340","cat","neyemba,baki,paghukom,akili","paghukom","j","4","html-keyboard-response","922","j","paghukom","true","",""
"1995.7999999523163","","","","","4","html-slider-response","923","","","","4",""
"5621","fish","bala,baho,imani,buli","buli","n","4","html-keyboard-response","924","n","buli","true","",""
"2329.399999856949","","","","","4","html-slider-response","925","","","","3",""
"3539","tooth","kijiko,uadui,pahiyum,kabalaka","kabalaka","n","4","html-keyboard-response","926","n","kabalaka","true","",""
"1014.7000000476837","","","","","4","html-slider-response","927","","","","5",""
"4216","cave","ganti,kesho,maisha,nyundo","kesho","v","4","html-keyboard-response","928","v","kesho","true","",""
"1305.1999998092651","","","","","4","html-slider-response","929","","","","4",""
"4364","lamp","daub,bilaska,afya,mbolea","afya","j","4","html-keyboard-response","930","f","daub","false","",""
"1136.4000000953674","","","","","4","html-slider-response","931","","","","4",""
"11700","banana","kazi,kasamok,hagdan,twai","kazi","f","4","html-keyboard-response","932","f","kazi","true","",""
"1770.2000000476837","","","","","4","html-slider-response","933","","","","2",""
"1928","bonfire","mwezi,mfuko,goti,kusanya","goti","j","4","html-keyboard-response","934","j","goti","true","",""
"1154.0999999046326","","","","","4","html-slider-response","935","","","","5",""
"2786","cop","bustani,jikoni,mechezo,bakus","mechezo","j","4","html-keyboard-response","936","j","mechezo","true","",""
"1231.5999999046326","","","","","4","html-slider-response","937","","","","5",""
"4741","marker","mapafu,salita,maji,atay","maji","j","4","html-keyboard-response","938","f","mapafu","false","",""
"2307.5999999046326","","","","","4","html-slider-response","939","","","","2",""
"5758","window","kweli,nanga,kujenga,umaga","kweli","f","4","html-keyboard-response","940","j","kujenga","false","",""
"2611.2999999523163","","","","","4","html-slider-response","941","","","","3",""
"3432","body","nyundu,jibini,tindashan,kununa","tindashan","j","4","html-keyboard-response","942","j","tindashan","true","",""
"1331.6000001430511","","","","","4","html-slider-response","943","","","","5",""
"5412","apple","ukame,estante,kisu,edad","kisu","j","4","html-keyboard-response","944","j","kisu","true","",""
"1876.2000000476837","","","","","4","html-slider-response","945","","","","3",""
"4620","salmon","mzungu,seri,sensilyo,baharia","sensilyo","j","4","html-keyboard-response","946","j","sensilyo","true","",""
"2146.600000143051","","","","","4","html-slider-response","947","","","","5",""
"3085","bed","kalipay,haraka,mapintas,starehe","mapintas","j","4","html-keyboard-response","948","j","mapintas","true","",""
"1335.8000001907349","","","","","4","html-slider-response","949","","","","5",""
"6212","berry","abogado,nogozi,kofia,kinywa","kofia","j","4","html-keyboard-response","950","n","kinywa","false","",""
"1162","","","","","4","html-slider-response","951","","","","5",""
"2983","mirror","rangi,kanding,furaha,sulagma","sulagma","n","4","html-keyboard-response","952","n","sulagma","true","",""
"1320.5","","","","","4","html-slider-response","953","","","","5",""
"5843","flag","trekta,ndege,mkate,kawa","trekta","f","4","html-keyboard-response","954","f","trekta","true","",""
"1649","","","","","4","html-slider-response","955","","","","5",""
"3325","shoulder","kelele,ndaniya,mkuu,guruwe","mkuu","j","4","html-keyboard-response","956","j","mkuu","true","",""
"1502.5","","","","","4","html-slider-response","957","","","","5",""
"4040","tissue","ugomvi,lamigas,kisiwa,katika","ugomvi","f","4","html-keyboard-response","958","v","lamigas","false","",""
"1128.9000000953674","","","","","4","html-slider-response","959","","","","4",""
"9800","notebook","msitu,kila,kemia,mdudu","kemia","j","4","html-keyboard-response","960","j","kemia","true","",""
"1717.8999998569489","","","","","4","html-slider-response","961","","","","3",""
"8995","snake","pagtukod,jansa,karon,mvringo","pagtukod","f","4","html-keyboard-response","962","f","pagtukod","true","",""
"1146.5","","","","","4","html-slider-response","963","","","","4",""
"1743","finger","moyo,simu,sufuria,lima","moyo","f","4","html-keyboard-response","964","f","moyo","true","",""
"1364.4000000953674","","","","","4","html-slider-response","965","","","","5",""
"6825","basket","kumbuka,utepe,kumba,hasira","kumba","j","4","html-keyboard-response","966","n","hasira","false","",""
"1565.8999998569489","","","","","4","html-slider-response","967","","","","2",""
"5305","curtain","lisud,bulwawan,mchanga,chubani","mchanga","j","4","html-keyboard-response","968","v","bulwawan","false","",""
"2064","","","","","4","html-slider-response","969","","","","4",""
"9360","perfume","bino,katuyoan,sungura,ndogo","katuyoan","v","4","html-keyboard-response","970","v","katuyoan","true","",""
"2212.5","","","","","4","html-slider-response","971","","","","3",""
"2728","key","miaka,chombo,goma,ahos","chombo","v","4","html-keyboard-response","972","v","chombo","true","",""
"1585.8999998569489","","","","","4","html-slider-response","973","","","","5",""
"3101","olive","bata,jiwe,siagi,welder","jiwe","v","4","html-keyboard-response","974","v","jiwe","true","",""
"1284.5","","","","","4","html-slider-response","975","","","","5",""
"3697","rose","paghalad,singizi,mwanake,amani","paghalad","f","4","html-keyboard-response","976","f","paghalad","true","",""
"1478.3999998569489","","","","","4","html-slider-response","977","","","","5",""
"9751","bridge","sahani,daima,ngono,panya","sahani","f","4","html-keyboard-response","978","v","daima","false","",""
"1560.5999999046326","","","","","4","html-slider-response","979","","","","2",""
"4323","hill","kushoto,kukimba,sweta,matumbo","matumbo","n","4","html-keyboard-response","980","n","matumbo","true","",""
"1380.0999999046326","","","","","4","html-slider-response","981","","","","4",""
"5414","letter","filimbi,chuma,uhuru,kifua","kifua","n","4","html-keyboard-response","982","v","chuma","false","",""
"1876.9000000953674","","","","","4","html-slider-response","983","","","","2",""
"2864","sock","ndoora,kimysa,mtirka,mamba","mamba","n","4","html-keyboard-response","984","n","mamba","true","",""
"1198.3999998569489","","","","","4","html-slider-response","985","","","","5",""
"12682","fork","baboy,paghago,gorisi,mgonjwa","mgonjwa","n","4","html-keyboard-response","986","v","paghago","false","",""
"1447.3000001907349","","","","","4","html-slider-response","987","","","","4",""
"4378","box","adui,kuacha,rafiki,kitande","adui","f","4","html-keyboard-response","988","f","adui","true","",""
"1327.5999999046326","","","","","4","html-slider-response","989","","","","4",""
"3821","gift","pagtawag,baba,nyange,baso","pagtawag","f","4","html-keyboard-response","990","f","pagtawag","true","",""
"1686.7000000476837","","","","","4","html-slider-response","991","","","","5",""
"5495","bucket","baga,ijayo,kiatu,init","kiatu","j","4","html-keyboard-response","992","j","kiatu","true","",""
"1378.7000000476837","","","","","4","html-slider-response","993","","","","2",""
"1670","shop","samaki,nopya,kerida,ndezu","samaki","f","4","html-keyboard-response","994","f","samaki","true","",""
"1124.5999999046326","","","","","4","html-slider-response","995","","","","5",""
"5080","puppet","napulo,lamok,godoro,mazishi","mazishi","n","4","html-keyboard-response","996","v","lamok","false","",""
"1846.6000001430511","","","","","4","html-slider-response","997","","","","2",""
"8951","nose","gubat,sehemu,kopa,kidole","sehemu","v","4","html-keyboard-response","998","f","gubat","false","",""
"1666.7000000476837","","","","","4","html-slider-response","999","","","","2",""
"4427","music","mraba,baiski,mageho,tumbo","baiski","v","4","html-keyboard-response","1000","n","tumbo","false","",""
"1443.0999999046326","","","","","4","html-slider-response","1001","","","","4",""
"5733","dog","lubi,bahari,washia,kalamu","bahari","v","4","html-keyboard-response","1002","f","lubi","false","",""
"1491.2999999523163","","","","","4","html-slider-response","1003","","","","2",""
"14583","eel","ishara,kunywa,kabuang,msumari","msumari","n","4","html-keyboard-response","1004","n","msumari","true","",""
"1821.6000001430511","","","","","4","html-slider-response","1005","","","","2",""
"2649","number","shule,kengele,mundamo,choori","mundamo","j","4","html-keyboard-response","1006","n","choori","false","",""
"1138.1000001430511","","","","","4","html-slider-response","1007","","","","5",""
"5707","tomato","chupi,mvua,chupa,takatak","mvua","v","4","html-keyboard-response","1008","v","mvua","true","",""
"1537.6000001430511","","","","","4","html-slider-response","1009","","","","4",""
"1618","coffin","kioo,barua,tubag,hulma","kioo","f","4","html-keyboard-response","1010","f","kioo","true","",""
"1393.7999999523163","","","","","4","html-slider-response","1011","","","","5",""
"2994","knee","mvuke,kubale,duka,bili","duka","j","4","html-keyboard-response","1012","j","duka","true","",""
"995.8999998569489","","","","","4","html-slider-response","1013","","","","5",""
"3067","woman","bandari,pagtabon,bituin,kovuli","pagtabon","v","4","html-keyboard-response","1014","v","pagtabon","true","",""
"1337.3000001907349","","","","","4","html-slider-response","1015","","","","5",""
"10947","stone","ulimwengu,mkasi,asili,wingi","wingi","n","4","html-keyboard-response","1016","n","wingi","true","",""
"3258.7999999523163","","","","","4","html-slider-response","1017","","","","3",""
"3970","bread","kaili,dizeli,dari,bugas","dari","j","4","html-keyboard-response","1018","j","dari","true","",""
"1321.2000000476837","","","","","4","html-slider-response","1019","","","","5",""
"7163","triangle","kihozi,bentaha,kasadpan,liog","kasadpan","j","4","html-keyboard-response","1020","j","kasadpan","true","",""
"1262.5","","","","","4","html-slider-response","1021","","","","2",""
"6704","scissors","tanuri,duga,mtawa,suga","tanuri","f","4","html-keyboard-response","1022","j","mtawa","false","",""
"1431.5999999046326","","","","","4","html-slider-response","1023","","","","2",""
"4847","giraffe","mahitabo,daraja,jumatu,hangyo","mahitabo","f","4","html-keyboard-response","1024","f","mahitabo","true","",""
"2075.4000000953674","","","","","4","html-slider-response","1025","","","","4",""
"3764","flower","bega,tamasha,lobo,usiku","bega","f","4","html-keyboard-response","1026","j","lobo","false","",""
"1862.8999998569489","","","","","4","html-slider-response","1027","","","","4",""
"4880","candle","gabi,geza,farasi,kupanda","geza","v","4","html-keyboard-response","1028","v","geza","true","",""
"1706.7000000476837","","","","","4","html-slider-response","1029","","","","2",""
"2232","mother","babaye,kahawa,mbuzi,jokofu","babaye","f","4","html-keyboard-response","1030","f","babaye","true","",""
"1497.2999999523163","","","","","4","html-slider-response","1031","","","","5",""
"8928","towel","pagpalit,tembo,funzi,pito","pagpalit","f","4","html-keyboard-response","1032","f","pagpalit","true","",""
"1161.6000001430511","","","","","4","html-slider-response","1033","","","","2",""
"2155","elephant","petye,pagduol,suka,kito","kito","n","4","html-keyboard-response","1034","n","kito","true","",""
"1181.2999999523163","","","","","4","html-slider-response","1035","","","","5",""
"5368","shelf","bungtod,kadaot,pamahaw,awit","pamahaw","j","4","html-keyboard-response","1036","j","pamahaw","true","",""
"1395.5","","","","","4","html-slider-response","1037","","","","3",""
"3993","mosquito","isda,taras,gutom,martilyo","martilyo","n","4","html-keyboard-response","1038","n","martilyo","true","",""
"1090.7999999523163","","","","","4","html-slider-response","1039","","","","4",""
"1622","column","ufagio,pundok,dila,pala","ufagio","f","4","html-keyboard-response","1040","f","ufagio","true","",""
"1164.2000000476837","","","","","4","html-slider-response","1041","","","","5",""
"2218","pants","pintal,chuki,haki,hari","haki","j","4","html-keyboard-response","1042","j","haki","true","",""
"1203.7000000476837","","","","","4","html-slider-response","1043","","","","5",""
"3580","list","alizeti,wingu,kuzama,kaso","wingu","v","4","html-keyboard-response","1044","v","wingu","true","",""
"1995.2000000476837","","","","","4","html-slider-response","1045","","","","5",""
"11214","bank","kudhibi,tualya,ofisi,silingan","silingan","n","4","html-keyboard-response","1046","v","tualya","false","",""
"2029.0999999046326","","","","","4","html-slider-response","1047","","","","2",""
"3546","clock","kartasi,mbwa,abang,osha","mbwa","v","4","html-keyboard-response","1048","v","mbwa","true","",""
"1605.6000001430511","","","","","4","html-slider-response","1049","","","","4",""
"5129","ceiling","kugita,kawaida,maua,rayna","maua","j","4","html-keyboard-response","1050","f","kugita","false","",""
"1261.1999998092651","","","","","4","html-slider-response","1051","","","","2",""
"3905","train","itik,dakika,mungu,sayari","sayari","n","4","html-keyboard-response","1052","n","sayari","true","",""
"1056.4000000953674","","","","","4","html-slider-response","1053","","","","4",""
"5646","magazine","gundi,mchawi,bahandi,kiti","kiti","n","4","html-keyboard-response","1054","n","kiti","true","",""
"1321.4000000953674","","","","","4","html-slider-response","1055","","","","4",""
"1759","office","hazini,leso,yatima,kuna","leso","v","4","html-keyboard-response","1056","v","leso","true","",""
"1501.5","","","","","4","html-slider-response","1057","","","","5",""
"6120","wheel","punda,tawo,baadaye,bafuni","bafuni","n","4","html-keyboard-response","1058","f","punda","false","",""
"1294","","","","","4","html-slider-response","1059","","","","2",""
"3457","spoon","betri,nzuri,ngazi,pagsulod","pagsulod","n","4","html-keyboard-response","1060","n","pagsulod","true","",""
"1089.5999999046326","","","","","4","html-slider-response","1061","","","","4",""
"3268","hammer","mekno,napakyas,kitovu,layag","napakyas","v","4","html-keyboard-response","1062","v","napakyas","true","",""
"1191.7999999523163","","","","","4","html-slider-response","1063","","","","5",""
"8683","cigar","adhabu,ndugu,kuta,mlango","adhabu","f","4","html-keyboard-response","1064","n","mlango","false","",""
"1994.4000000953674","","","","","4","html-slider-response","1065","","","","2",""
"3169","shoe","nyeusi,hatua,uyoga,kama","uyoga","j","4","html-keyboard-response","1066","j","uyoga","true","",""
"1270.9000000953674","","","","","4","html-slider-response","1067","","","","5",""
"3895","list","alizeti,wingu,kuzama,kaso","wingu","v","5","html-keyboard-response","1069","v","wingu","true","",""
"1228.4000000953674","","","","","5","html-slider-response","1070","","","","5",""
"2120","number","mundamo,shule,kengele,choori","mundamo","f","5","html-keyboard-response","1071","n","choori","false","",""
"1223.5","","","","","5","html-slider-response","1072","","","","5",""
"8457","apple","ukame,kisu,estante,edad","kisu","v","5","html-keyboard-response","1073","v","kisu","true","",""
"1153.7999999523163","","","","","5","html-slider-response","1074","","","","2",""
"2320","knee","mvuke,duka,kubale,bili","duka","v","5","html-keyboard-response","1075","v","duka","true","",""
"1040.9000000953674","","","","","5","html-slider-response","1076","","","","5",""
"2664","tooth","kabalaka,kijiko,uadui,pahiyum","kabalaka","f","5","html-keyboard-response","1077","f","kabalaka","true","",""
"1437","","","","","5","html-slider-response","1078","","","","5",""
"5517","berry","abogado,nogozi,kofia,kinywa","kofia","j","5","html-keyboard-response","1079","n","kinywa","false","",""
"1300.2000000476837","","","","","5","html-slider-response","1080","","","","5",""
"5491","bridge","daima,ngono,sahani,panya","sahani","j","5","html-keyboard-response","1081","n","panya","false","",""
"1261.0999999046326","","","","","5","html-slider-response","1082","","","","2",""
"7413","perfume","bino,katuyoan,sungura,ndogo","katuyoan","v","5","html-keyboard-response","1083","v","katuyoan","true","",""
"1599.5","","","","","5","html-slider-response","1084","","","","4",""
"4285","ladder","mashua,pangalan,mwanga,kamba","pangalan","v","5","html-keyboard-response","1085","v","pangalan","true","",""
"1291","","","","","5","html-slider-response","1086","","","","2",""
"3532","pants","pintal,chuki,hari,haki","haki","n","5","html-keyboard-response","1087","n","haki","true","",""
"1750.1999998092651","","","","","5","html-slider-response","1088","","","","5",""
"3090","salmon","mzungu,sensilyo,seri,baharia","sensilyo","v","5","html-keyboard-response","1089","v","sensilyo","true","",""
"1060.7999999523163","","","","","5","html-slider-response","1090","","","","5",""
"3337","coffin","barua,kioo,tubag,hulma","kioo","v","5","html-keyboard-response","1091","v","kioo","true","",""
"1110.0999999046326","","","","","5","html-slider-response","1092","","","","5",""
"4081","park","bunifu,tambok,pwani,ihalas","bunifu","f","5","html-keyboard-response","1093","v","tambok","false","",""
"1986","","","","","5","html-slider-response","1094","","","","3",""
"5470","giraffe","daraja,jumatu,mahitabo,hangyo","mahitabo","j","5","html-keyboard-response","1095","j","mahitabo","true","",""
"1386.1999998092651","","","","","5","html-slider-response","1096","","","","2",""
"2920","mirror","rangi,kanding,sulagma,furaha","sulagma","j","5","html-keyboard-response","1097","j","sulagma","true","",""
"1107.5","","","","","5","html-slider-response","1098","","","","5",""
"6830","ceiling","kugita,kawaida,maua,rayna","maua","j","5","html-keyboard-response","1099","j","maua","true","",""
"2015.2000000476837","","","","","5","html-slider-response","1100","","","","3",""
"4031","marker","mapafu,maji,salita,atay","maji","v","5","html-keyboard-response","1101","f","mapafu","false","",""
"2005.6999998092651","","","","","5","html-slider-response","1102","","","","3",""
"1742","sock","ndoora,kimysa,mtirka,mamba","mamba","n","5","html-keyboard-response","1103","n","mamba","true","",""
"911.2999999523163","","","","","5","html-slider-response","1104","","","","5",""
"1812","cop","mechezo,bustani,jikoni,bakus","mechezo","f","5","html-keyboard-response","1105","f","mechezo","true","",""
"1216.7999999523163","","","","","5","html-slider-response","1106","","","","5",""
"3928","gift","baba,nyange,baso,pagtawag","pagtawag","n","5","html-keyboard-response","1107","n","pagtawag","true","",""
"1195.0999999046326","","","","","5","html-slider-response","1108","","","","5",""
"8029","notebook","msitu,kila,kemia,mdudu","kemia","j","5","html-keyboard-response","1109","j","kemia","true","",""
"1824.5","","","","","5","html-slider-response","1110","","","","4",""
"12494","bank","kudhibi,tualya,ofisi,silingan","silingan","n","5","html-keyboard-response","1111","j","ofisi","false","",""
"1236.5999999046326","","","","","5","html-slider-response","1112","","","","2",""
"15098","letter","kifua,filimbi,chuma,uhuru","kifua","f","5","html-keyboard-response","1113","f","kifua","true","",""
"1192","","","","","5","html-slider-response","1114","","","","2",""
"3023","candle","gabi,geza,farasi,kupanda","geza","v","5","html-keyboard-response","1115","n","kupanda","false","",""
"1377.4000000953674","","","","","5","html-slider-response","1116","","","","4",""
"4071","bread","kaili,dizeli,dari,bugas","dari","j","5","html-keyboard-response","1117","j","dari","true","",""
"2025.1999998092651","","","","","5","html-slider-response","1118","","","","5",""
"4093","snake","pagtukod,jansa,karon,mvringo","pagtukod","f","5","html-keyboard-response","1119","f","pagtukod","true","",""
"1370","","","","","5","html-slider-response","1120","","","","5",""
"5198","rose","singizi,paghalad,mwanake,amani","paghalad","v","5","html-keyboard-response","1121","v","paghalad","true","",""
"2235.2000000476837","","","","","5","html-slider-response","1122","","","","4",""
"2814","hill","kushoto,matumbo,kukimba,sweta","matumbo","v","5","html-keyboard-response","1123","v","matumbo","true","",""
"2125.2999999523163","","","","","5","html-slider-response","1124","","","","5",""
"3008","train","sayari,itik,dakika,mungu","sayari","f","5","html-keyboard-response","1125","f","sayari","true","",""
"1221.5","","","","","5","html-slider-response","1126","","","","5",""
"2016","shop","nopya,kerida,ndezu,samaki","samaki","n","5","html-keyboard-response","1127","n","samaki","true","",""
"1254","","","","","5","html-slider-response","1128","","","","5",""
"3649","nose","gubat,kopa,kidole,sehemu","sehemu","n","5","html-keyboard-response","1129","f","gubat","false","",""
"3356.5","","","","","5","html-slider-response","1130","","","","4",""
"6485","boat","hamsi,agalon,pombe,kitanda","agalon","v","5","html-keyboard-response","1131","v","agalon","true","",""
"1674","","","","","5","html-slider-response","1132","","","","4",""
"4348","body","tindashan,nyundu,jibini,kununa","tindashan","f","5","html-keyboard-response","1133","f","tindashan","true","",""
"1557.7000000476837","","","","","5","html-slider-response","1134","","","","5",""
"3362","bed","kalipay,haraka,starehe,mapintas","mapintas","n","5","html-keyboard-response","1135","n","mapintas","true","",""
"1403.5999999046326","","","","","5","html-slider-response","1136","","","","4",""
"5430","squirrel","mahugaw,ukweli,hofu,kichwa","hofu","j","5","html-keyboard-response","1137","f","mahugaw","false","",""
"1378.5","","","","","5","html-slider-response","1138","","","","2",""
"9815","window","nanga,kujenga,kweli,umaga","kweli","j","5","html-keyboard-response","1139","v","kujenga","false","",""
"1468.7999999523163","","","","","5","html-slider-response","1140","","","","2",""
"1666","bonfire","mwezi,mfuko,goti,kusanya","goti","j","5","html-keyboard-response","1141","j","goti","true","",""
"1453.9000000953674","","","","","5","html-slider-response","1142","","","","5",""
"4346","fish","buli,bala,baho,imani","buli","f","5","html-keyboard-response","1143","f","buli","true","",""
"1245.6999998092651","","","","","5","html-slider-response","1144","","","","2",""
"5804","cat","paghukom,neyemba,baki,akili","paghukom","f","5","html-keyboard-response","1145","f","paghukom","true","",""
"1423.4000000953674","","","","","5","html-slider-response","1146","","","","4",""
"4447","spider","bunyag,mkboa,kamwe,atop","kamwe","j","5","html-keyboard-response","1147","v","mkboa","false","",""
"1501.7999999523163","","","","","5","html-slider-response","1148","","","","4",""
"11730","eel","ishara,msumari,kunywa,kabuang","msumari","v","5","html-keyboard-response","1149","j","kunywa","false","",""
"2679.7999999523163","","","","","5","html-slider-response","1150","","","","2",""
"1996","woman","pagtabon,bandari,bituin,kovuli","pagtabon","f","5","html-keyboard-response","1151","f","pagtabon","true","",""
"1556.5999999046326","","","","","5","html-slider-response","1152","","","","5",""
"1938","magazine","gundi,mchawi,kiti,bahandi","kiti","j","5","html-keyboard-response","1153","j","kiti","true","",""
"1515.9000000953674","","","","","5","html-slider-response","1154","","","","5",""
"6642","pudding","abug,aibu,mpishi,iring","aibu","v","5","html-keyboard-response","1155","v","aibu","true","",""
"1430.9000000953674","","","","","5","html-slider-response","1156","","","","2",""
"3842","lamp","daub,afya,bilaska,mbolea","afya","v","5","html-keyboard-response","1157","v","afya","true","",""
"1327.8000001907349","","","","","5","html-slider-response","1158","","","","4",""
"5208","cave","ganti,kesho,maisha,nyundo","kesho","v","5","html-keyboard-response","1159","v","kesho","true","",""
"1406.5","","","","","5","html-slider-response","1160","","","","5",""
"1863","shoulder","kelele,ndaniya,mkuu,guruwe","mkuu","j","5","html-keyboard-response","1161","j","mkuu","true","",""
"1213.7999999523163","","","","","5","html-slider-response","1162","","","","5",""
"4993","stone","wingi,ulimwengu,mkasi,asili","wingi","f","5","html-keyboard-response","1163","f","wingi","true","",""
"1657.7999999523163","","","","","5","html-slider-response","1164","","","","4",""
"1397","column","ufagio,pundok,dila,pala","ufagio","f","5","html-keyboard-response","1165","f","ufagio","true","",""
"991.5999999046326","","","","","5","html-slider-response","1166","","","","5",""
"3861","page","wakala,ishiri,skina,wimbo","wimbo","n","5","html-keyboard-response","1167","n","wimbo","true","",""
"1192.6999998092651","","","","","5","html-slider-response","1168","","","","5",""
"2540","shoe","nyeusi,hatua,kama,uyoga","uyoga","n","5","html-keyboard-response","1169","n","uyoga","true","",""
"1239.7000000476837","","","","","5","html-slider-response","1170","","","","5",""
"5895","clock","kartasi,abang,osha,mbwa","mbwa","n","5","html-keyboard-response","1171","n","mbwa","true","",""
"1400.7000000476837","","","","","5","html-slider-response","1172","","","","5",""
"4090","towel","tembo,funzi,pagpalit,pito","pagpalit","j","5","html-keyboard-response","1173","j","pagpalit","true","",""
"1764","","","","","5","html-slider-response","1174","","","","4",""
"3752","tomato","chupi,chupa,takatak,mvua","mvua","n","5","html-keyboard-response","1175","n","mvua","true","",""
"1220.4000000953674","","","","","5","html-slider-response","1176","","","","4",""
"3629","bucket","baga,kiatu,ijayo,init","kiatu","v","5","html-keyboard-response","1177","v","kiatu","true","",""
"1887.5","","","","","5","html-slider-response","1178","","","","3",""
"2787","finger","simu,sufuria,moyo,lima","moyo","j","5","html-keyboard-response","1179","j","moyo","true","",""
"1916.0999999046326","","","","","5","html-slider-response","1180","","","","5",""
"2468","mother","kahawa,mbuzi,babaye,jokofu","babaye","j","5","html-keyboard-response","1181","j","babaye","true","",""
"1372.4000000953674","","","","","5","html-slider-response","1182","","","","5",""
"3987","human","bado,kikapu,tinapay,punguza","tinapay","j","5","html-keyboard-response","1183","j","tinapay","true","",""
"1158.5","","","","","5","html-slider-response","1184","","","","5",""
"1829","sun","bendi,luha,basi,uongo","basi","j","5","html-keyboard-response","1185","j","basi","true","",""
"1050.2999999523163","","","","","5","html-slider-response","1186","","","","5",""
"7555","fork","baboy,paghago,mgonjwa,gorisi","mgonjwa","j","5","html-keyboard-response","1187","v","paghago","false","",""
"1450.7000000476837","","","","","5","html-slider-response","1188","","","","2",""
"3747","donkey","bloke,elfu,lalake,rombus","elfu","v","5","html-keyboard-response","1189","v","elfu","true","",""
"1291.6000001430511","","","","","5","html-slider-response","1190","","","","2",""
"3812","wolf","kaburi,ndizi,mchuzi,lugha","lugha","n","5","html-keyboard-response","1191","n","lugha","true","",""
"1163.5999999046326","","","","","5","html-slider-response","1192","","","","4",""
"9279","cigar","ndugu,kuta,adhabu,mlango","adhabu","j","5","html-keyboard-response","1193","j","adhabu","true","",""
"2329.800000190735","","","","","5","html-slider-response","1194","","","","1",""
"2193","olive","bata,siagi,jiwe,welder","jiwe","j","5","html-keyboard-response","1195","j","jiwe","true","",""
"1067.5999999046326","","","","","5","html-slider-response","1196","","","","5",""
"1933","key","miaka,chombo,goma,ahos","chombo","v","5","html-keyboard-response","1197","v","chombo","true","",""
"993","","","","","5","html-slider-response","1198","","","","5",""
"4377","door","tena,soko,nyota,surali","surali","n","5","html-keyboard-response","1199","n","surali","true","",""
"1532.2000000476837","","","","","5","html-slider-response","1200","","","","2",""
"4870","wheel","punda,tawo,baadaye,bafuni","bafuni","n","5","html-keyboard-response","1201","f","punda","false","",""
"1769.2000000476837","","","","","5","html-slider-response","1202","","","","2",""
"7048","basket","kumbuka,utepe,kumba,hasira","kumba","j","5","html-keyboard-response","1203","j","kumba","true","",""
"1166.4000000953674","","","","","5","html-slider-response","1204","","","","2",""
"2369","elephant","petye,pagduol,kito,suka","kito","j","5","html-keyboard-response","1205","j","kito","true","",""
"1883.7999999523163","","","","","5","html-slider-response","1206","","","","5",""
"1964","office","hazini,leso,yatima,kuna","leso","v","5","html-keyboard-response","1207","v","leso","true","",""
"1182","","","","","5","html-slider-response","1208","","","","5",""
"3606","music","mraba,mageho,baiski,tumbo","baiski","j","5","html-keyboard-response","1209","n","tumbo","false","",""
"1051.4000000953674","","","","","5","html-slider-response","1210","","","","5",""
"6753","tissue","ugomvi,lamigas,kisiwa,katika","ugomvi","f","5","html-keyboard-response","1211","f","ugomvi","true","",""
"1226.0999999046326","","","","","5","html-slider-response","1212","","","","4",""
"4479","curtain","mchanga,lisud,bulwawan,chubani","mchanga","f","5","html-keyboard-response","1213","j","bulwawan","false","",""
"1140.5","","","","","5","html-slider-response","1214","","","","4",""
"2306","flag","trekta,ndege,mkate,kawa","trekta","f","5","html-keyboard-response","1215","f","trekta","true","",""
"3142.100000143051","","","","","5","html-slider-response","1216","","","","5",""
"3958","dog","lubi,washia,kalamu,bahari","bahari","n","5","html-keyboard-response","1217","f","lubi","false","",""
"1028.7999999523163","","","","","5","html-slider-response","1218","","","","2",""
"6400","cup","dagat,shimoni,matumai,jeraha","matumai","j","5","html-keyboard-response","1219","j","matumai","true","",""
"3411.4000000953674","","","","","5","html-slider-response","1220","","","","2",""
"2242","sheet","juuya,bililhon,watu,kamantis","bililhon","v","5","html-keyboard-response","1221","v","bililhon","true","",""
"1095.0999999046326","","","","","5","html-slider-response","1222","","","","5",""
"3082","spoon","betri,nzuri,ngazi,pagsulod","pagsulod","n","5","html-keyboard-response","1223","n","pagsulod","true","",""
"1354.7000000476837","","","","","5","html-slider-response","1224","","","","4",""
"12172","flower","tamasha,bega,lobo,usiku","bega","v","5","html-keyboard-response","1225","f","tamasha","false","",""
"1540.3999998569489","","","","","5","html-slider-response","1226","","","","1",""
"5151","picture","silya,chaki,kubwa,asin","kubwa","j","5","html-keyboard-response","1227","f","silya","false","",""
"1516.7000000476837","","","","","5","html-slider-response","1228","","","","2",""
"4162","puppet","napulo,lamok,mazishi,godoro","mazishi","j","5","html-keyboard-response","1229","v","lamok","false","",""
"1218.2999999523163","","","","","5","html-slider-response","1230","","","","4",""
"5932","banana","kasamok,kazi,hagdan,twai","kazi","v","5","html-keyboard-response","1231","v","kazi","true","",""
"1017.7999999523163","","","","","5","html-slider-response","1232","","","","2",""
"2170","book","kuhesa,picha,mara,mali","mali","n","5","html-keyboard-response","1233","n","mali","true","",""
"1381.2999999523163","","","","","5","html-slider-response","1234","","","","5",""
"4515","triangle","kasadpan,kihozi,bentaha,liog","kasadpan","f","5","html-keyboard-response","1235","f","kasadpan","true","",""
"1304","","","","","5","html-slider-response","1236","","","","4",""
"4786","poster","madungog,nchi,fedha,kasuko","madungog","f","5","html-keyboard-response","1237","f","madungog","true","",""
"1676.3999998569489","","","","","5","html-slider-response","1238","","","","5",""
"3760","box","kuacha,adui,rafiki,kitande","adui","v","5","html-keyboard-response","1239","v","adui","true","",""
"1400.5999999046326","","","","","5","html-slider-response","1240","","","","4",""
"3860","mosquito","isda,martilyo,taras,gutom","martilyo","v","5","html-keyboard-response","1241","v","martilyo","true","",""
"1762.7000000476837","","","","","5","html-slider-response","1242","","","","4",""
"6191","shelf","bungtod,kadaot,awit,pamahaw","pamahaw","n","5","html-keyboard-response","1243","v","kadaot","false","",""
"1536","","","","","5","html-slider-response","1244","","","","2",""
"4258","scissors","duga,mtawa,tanuri,suga","tanuri","j","5","html-keyboard-response","1245","v","mtawa","false","",""
"1579.8999998569489","","","","","5","html-slider-response","1246","","","","2",""
"2533","hammer","mekno,kitovu,layag,napakyas","napakyas","n","5","html-keyboard-response","1247","n","napakyas","true","",""
"1299.0999999046326","","","","","5","html-slider-response","1248","","","","5",""
